fx: 607.3343505859375
fy: 607.222900390625
cx: 322.9985046386719
cy: 250.01437377929688
k1: 0.0
k2: 0.0
p1: 0.0
p2: 0.0
width: 640
height: 480